[  0.00000000e+00   5.42101086e-20   0.00000000e+00   5.42101086e-20   0.00000000e+00   0.00000000e+00   0.00000000e+00   0.00000000e+00
   0.00000000e+00   0.00000000e+00]
[ 1.  0.  0.  0.  0.  0.  0.  0.  0.  0.]
[ 0.  0.  0.  0.  0.  0.  0.  0.  0.  1.]
[  5.42101086e-20   0.00000000e+00   0.00000000e+00   0.00000000e+00   0.00000000e+00   0.00000000e+00   5.42101086e-20   0.00000000e+00
   0.00000000e+00   0.00000000e+00]
[ 0.  0.  0.  0.  0.  0.  1.  0.  0.  0.]
[ 0.  0.  0.  0.  0.  0.  1.  0.  0.  0.]
[  0.00000000e+00   0.00000000e+00   0.00000000e+00   1.84467441e-45   1.84467441e-45   1.84467441e-45   0.00000000e+00   0.00000000e+00
   1.84467441e-45   1.84467441e-45]
[ 0.  0.  0.  0.  0.  0.  0.  0.  1.  0.]
[  0.00000000e+00   0.00000000e+00   0.00000000e+00   0.00000000e+00   0.00000000e+00   0.00000000e+00   5.42101086e-20   5.42101086e-20
   0.00000000e+00   0.00000000e+00]
[  0.00000000e+00   0.00000000e+00   5.42101086e-20   0.00000000e+00   0.00000000e+00   0.00000000e+00   5.42101086e-20   0.00000000e+00
   0.00000000e+00   0.00000000e+00]
